village,Nitrogen High,Nitrogen Medium,Nitrogen Low,Phosphorus High,Phosphorus Medium,Phosphorus Low,Potassium High,Potassium Medium,Potassium Low,Sulphur Sufficient,Sulphur Deficient,None High,None Medium,None Low,pH Alkaline,pH Acidic,pH Neutral,Iron Sufficient,Iron Deficient,Zinc Sufficient,Zinc Deficient,Copper Sufficient,Copper Deficient,Boron Sufficient,Boron Deficient,Manganese Sufficient,Manganese Deficient
Rajandram,0,0,28,1,27,0,27,1,0,28,0,0,1,27,0,0,28,28,0,27,1,28,0,1,27,28,0
Kollangarai Vallundanpattu,0,0,65,62,2,1,40,25,0,57,8,0,0,65,0,0,65,65,0,64,1,60,5,2,63,65,0
Nanjikottai Vallundanpattu,0,0,121,7,114,0,121,0,0,91,30,0,1,120,0,78,43,121,0,121,0,121,0,0,121,121,0
Kadakadappai,0,0,61,0,59,2,59,2,0,61,0,1,1,59,0,0,61,55,6,60,1,61,0,3,58,61,0
Manangorai,0,0,105,0,105,0,105,0,0,105,0,0,0,105,1,0,104,105,0,105,0,105,0,8,97,105,0
Thandangorai,0,0,99,99,0,0,98,0,1,99,0,0,0,99,0,0,99,99,0,99,0,99,0,0,99,99,0
Mathur,0,0,216,3,213,0,214,2,0,215,1,0,1,215,0,0,216,201,15,215,1,216,0,17,199,216,0
Vannarapettai Chief,0,0,89,45,41,3,81,8,0,86,3,0,0,89,0,0,89,89,0,68,21,89,0,71,18,89,0
Thottakadu,0,0,149,103,41,5,134,15,0,103,46,0,0,149,0,0,149,149,0,141,8,141,8,0,149,144,5
Palliyeri,0,0,104,84,19,1,102,2,0,80,24,0,1,103,0,0,104,104,0,101,3,96,8,3,101,104,0
Nanjikottai (CT),0,0,45,34,11,0,30,15,0,38,7,0,0,45,0,8,37,45,0,45,0,40,5,1,44,45,0
Melachittakadu,0,0,39,0,39,0,38,1,0,39,0,0,0,39,0,0,39,36,3,39,0,39,0,0,39,39,0
Avusahibthottam,0,0,21,0,21,0,20,1,0,20,1,0,0,21,0,0,21,20,1,20,1,21,0,1,20,20,1
Kondavattanthidal,0,0,33,33,0,0,31,2,0,32,1,0,0,33,0,0,33,33,0,33,0,33,0,0,33,33,0
Narasanayagipuram,0,0,46,39,6,1,42,4,0,45,1,0,0,46,0,0,46,46,0,45,1,46,0,17,29,46,0
Vallam North Sethi,0,0,8,0,8,0,8,0,0,8,0,0,0,8,0,0,8,5,3,8,0,8,0,5,3,8,0
Vallam Pudursethi,0,0,135,51,84,0,131,4,0,132,3,1,2,132,0,32,103,66,69,98,37,135,0,107,28,104,31
Vannarapettai Addl.,0,0,15,10,4,1,14,1,0,15,0,0,0,15,0,0,15,15,0,15,0,15,0,14,1,15,0
Madigai,0,0,107,40,67,0,107,0,0,106,1,0,0,107,0,7,100,39,68,97,10,107,0,75,32,107,0
Nallicheri,0,0,1,1,0,0,1,0,0,1,0,0,0,1,0,0,1,1,0,1,0,1,0,0,1,1,0
Karanthattangudi,0,0,38,8,20,10,7,31,0,24,14,5,15,18,0,0,38,38,0,17,21,38,0,12,26,29,9
Alakudi Chief,0,0,35,18,15,2,26,8,1,32,3,0,0,35,0,0,35,35,0,28,7,35,0,23,12,35,0
Nagathi,0,0,35,25,10,0,35,0,0,28,7,0,0,35,0,0,35,35,0,35,0,35,0,0,35,35,0
Manakkarambai,0,0,7,4,3,0,7,0,0,3,4,0,0,7,0,0,7,7,0,7,0,7,0,0,7,7,0
Kuruvadipatti,0,0,12,1,10,1,9,3,0,10,2,0,1,11,0,0,12,12,0,10,2,12,0,9,3,12,0
Velur,0,0,11,1,10,0,10,1,0,9,2,0,0,11,0,7,4,11,0,10,1,11,0,0,11,10,1
Rayanthur,0,0,61,1,47,13,29,32,0,54,7,0,0,61,0,0,61,53,8,55,6,61,0,7,54,57,4
Kurungulam Melpathi,0,0,4,1,1,2,0,4,0,2,2,0,1,3,0,0,4,4,0,3,1,4,0,1,3,4,0
Kurungulam Keelpathi,0,0,7,2,4,1,0,7,0,5,2,2,2,3,0,0,7,7,0,4,3,7,0,1,6,6,1
Thirukanurpatti,0,0,3,0,2,1,0,3,0,3,0,0,1,2,0,0,3,3,0,2,1,3,0,2,1,2,1
Pillaiyarnatham,0,0,3,1,0,2,0,3,0,3,0,0,1,2,0,0,3,3,0,1,2,3,0,0,3,3,0
Pulianthoppu,0,0,8,1,5,2,0,8,0,6,2,3,3,2,0,0,8,8,0,3,5,8,0,2,6,6,2
Melavelithottam,0,0,25,2,15,8,0,25,0,17,8,2,13,10,0,0,25,25,0,9,16,25,0,7,18,17,8
Vallam South Sethi,0,0,3,0,3,0,0,2,1,3,0,1,0,2,0,0,3,3,0,2,1,3,0,1,2,1,2
Kurungalur,0,0,2,0,0,2,0,2,0,1,1,0,0,2,0,0,2,2,0,2,0,2,0,0,2,1,1
Thiruvedhikudi,0,0,74,0,48,26,0,73,1,36,38,7,19,48,0,0,74,74,0,51,23,74,0,6,68,27,47
Vennalodai,0,0,13,0,9,4,0,13,0,7,6,1,3,9,0,0,13,13,0,5,8,13,0,1,12,2,11
Marungulam,0,0,3,0,2,1,0,3,0,2,1,0,0,3,0,0,3,3,0,2,1,3,0,0,3,3,0
Pudur,0,0,11,4,4,3,0,11,0,8,3,0,0,11,0,0,11,11,0,9,2,11,0,4,7,11,0
Kullangarai,0,0,2,0,1,1,0,2,0,2,0,0,0,2,0,0,2,2,0,2,0,2,0,0,2,2,0
Palliagraharam,0,0,3,0,0,3,0,1,2,3,0,0,0,3,0,0,3,3,0,3,0,3,0,1,2,3,0
Perumbur I-ST Sethi,0,0,10,0,6,4,0,9,1,7,3,0,0,10,0,0,10,10,0,8,2,10,0,1,9,7,3
Thirumalai Samudram,0,0,1,0,0,1,0,1,0,0,1,0,0,1,0,0,1,1,0,0,1,1,0,0,1,1,0
Perumbur IInd Sethi,0,0,2,0,2,0,0,2,0,1,1,0,0,2,0,0,2,2,0,1,1,2,0,0,2,2,0
Kulichapattu,0,0,2,0,1,1,0,2,0,2,0,0,0,2,0,0,2,2,0,2,0,2,0,0,2,2,0
Soorakkottai,0,0,7,1,3,3,0,7,0,5,2,0,1,6,0,0,7,7,0,4,3,7,0,2,5,6,1
Marudakkudi,0,0,2,0,1,1,0,2,0,2,0,0,0,2,0,0,2,2,0,0,2,2,0,1,1,2,0
Thenperambur,0,0,3,0,2,1,0,3,0,1,2,0,0,3,0,0,3,3,0,3,0,3,0,0,3,2,1
Valampuri Unit,0,0,9,0,6,3,0,7,2,5,4,0,0,9,0,0,9,8,1,3,5,9,0,0,9,6,3
Neelagiri (CT),0,0,1,0,0,1,0,1,0,1,0,0,0,1,0,0,1,1,0,0,1,1,0,0,1,1,0
Pudupattinam (CT),0,0,1,0,1,0,0,1,0,1,0,0,1,0,0,0,1,1,0,1,0,1,0,0,1,0,1
Ramanathapuram Chief,0,0,1,1,0,0,1,0,0,1,0,0,0,1,0,0,1,1,0,1,0,1,0,0,1,1,0
